1.000e+00 1.555e+00 -1.001e+00 -1.000e+00
1.000e+00 -1.242e+00 1.588e+00 1.000e+00
1.000e+00 1.281e+00 -1.022e+00 -1.000e+00
1.000e+00 1.774e+00 1.055e+00 1.000e+00
1.000e+00 -3.675e-01 -1.279e+00 -1.000e+00
1.000e+00 1.531e+00 8.691e-01 1.000e+00
1.000e+00 1.947e+00 -1.932e-01 -1.000e+00
1.000e+00 -4.093e-01 1.409e-01 1.000e+00
1.000e+00 -1.204e-01 -8.977e-01 -1.000e+00
1.000e+00 6.223e-02 -7.033e-01 1.000e+00
1.000e+00 5.937e-01 -4.815e-02 -1.000e+00
1.000e+00 -4.190e-01 8.068e-01 1.000e+00
1.000e+00 8.179e-01 1.310e-03 -1.000e+00
1.000e+00 -1.232e+00 1.645e+00 1.000e+00
1.000e+00 -3.754e-01 -1.440e+00 -1.000e+00
1.000e+00 -8.474e-01 4.428e-01 1.000e+00
1.000e+00 -5.761e-01 -1.564e+00 -1.000e+00
1.000e+00 -6.639e-01 7.948e-01 1.000e+00
1.000e+00 1.348e+00 -8.344e-01 -1.000e+00
1.000e+00 1.178e-01 1.982e+00 1.000e+00
1.000e+00 6.867e-01 -1.482e+00 -1.000e+00
1.000e+00 1.555e+00 1.261e+00 1.000e+00
1.000e+00 4.335e-01 -2.791e-01 -1.000e+00
1.000e+00 1.628e-01 8.056e-01 1.000e+00
1.000e+00 -7.533e-02 -1.250e+00 -1.000e+00
1.000e+00 1.752e-01 1.537e+00 1.000e+00
1.000e+00 6.711e-01 -2.056e+00 -1.000e+00
1.000e+00 3.356e-01 1.932e+00 1.000e+00
1.000e+00 4.027e-01 -1.263e+00 -1.000e+00
1.000e+00 2.986e-02 1.464e+00 1.000e+00
1.000e+00 1.718e+00 3.957e-02 -1.000e+00
1.000e+00 4.122e-01 1.592e+00 1.000e+00
1.000e+00 7.381e-01 -1.959e+00 -1.000e+00
1.000e+00 -7.426e-01 9.413e-01 1.000e+00
1.000e+00 1.837e+00 1.412e-02 -1.000e+00
1.000e+00 -6.178e-01 1.873e-01 1.000e+00
1.000e+00 1.613e+00 -1.166e+00 -1.000e+00
1.000e+00 -4.384e-02 1.602e+00 1.000e+00
1.000e+00 8.479e-01 -1.511e+00 -1.000e+00
1.000e+00 4.846e-01 -4.033e-01 1.000e+00
1.000e+00 1.342e+00 -9.842e-01 -1.000e+00
1.000e+00 1.207e+00 -2.100e-01 1.000e+00
1.000e+00 1.546e+00 1.925e+00 -1.000e+00
1.000e+00 1.126e+00 -2.614e-03 1.000e+00
1.000e+00 3.569e-01 -1.710e+00 -1.000e+00
1.000e+00 -4.869e-01 6.609e-01 1.000e+00
1.000e+00 1.242e+00 1.776e+00 -1.000e+00
1.000e+00 -4.960e-01 7.350e-01 1.000e+00
1.000e+00 2.164e+00 -1.144e-01 -1.000e+00
1.000e+00 -4.153e-01 7.028e-01 1.000e+00
1.000e+00 1.139e+00 -9.118e-01 -1.000e+00
1.000e+00 -7.042e-01 8.087e-01 1.000e+00
1.000e+00 -1.946e-02 -1.473e+00 -1.000e+00
1.000e+00 2.479e-01 1.594e+00 1.000e+00
1.000e+00 1.269e+00 -1.054e+00 -1.000e+00
1.000e+00 1.744e+00 1.843e+00 1.000e+00
1.000e+00 1.661e+00 1.857e+00 -1.000e+00
1.000e+00 -1.317e+00 1.390e+00 1.000e+00
1.000e+00 7.165e-01 -1.867e+00 -1.000e+00
1.000e+00 -1.869e+00 1.495e+00 1.000e+00
1.000e+00 1.791e+00 -1.191e-01 -1.000e+00
1.000e+00 -1.054e+00 1.116e+00 1.000e+00
1.000e+00 3.675e-01 -1.446e+00 -1.000e+00
1.000e+00 1.234e+00 -4.248e-02 1.000e+00
1.000e+00 7.289e-01 -1.868e+00 -1.000e+00
1.000e+00 -9.781e-01 2.212e+00 1.000e+00
1.000e+00 1.724e+00 2.206e+00 -1.000e+00
1.000e+00 4.974e-01 1.667e+00 1.000e+00
1.000e+00 5.970e-01 -2.009e+00 -1.000e+00
1.000e+00 1.246e+00 -3.047e-02 1.000e+00
1.000e+00 -1.669e-01 -1.368e+00 -1.000e+00
1.000e+00 -1.157e+00 2.245e+00 1.000e+00
1.000e+00 -2.818e-02 -1.463e+00 -1.000e+00
1.000e+00 -1.346e+00 1.688e+00 1.000e+00
1.000e+00 1.517e+00 1.765e+00 -1.000e+00
1.000e+00 -1.058e+00 2.035e+00 1.000e+00
1.000e+00 5.682e-01 -1.547e+00 -1.000e+00
1.000e+00 -1.100e+00 2.251e+00 1.000e+00
1.000e+00 1.384e+00 2.160e+00 -1.000e+00
1.000e+00 -1.345e-02 -6.637e-02 1.000e+00
1.000e+00 1.615e+00 -1.184e+00 -1.000e+00
1.000e+00 -1.489e+00 2.109e+00 1.000e+00
1.000e+00 -5.861e-01 -1.061e+00 -1.000e+00
1.000e+00 1.419e+00 1.160e-01 1.000e+00
1.000e+00 2.244e+00 2.500e-01 -1.000e+00
1.000e+00 1.472e+00 -2.349e-01 1.000e+00
1.000e+00 1.931e-01 -1.470e+00 -1.000e+00
1.000e+00 -1.058e-01 9.199e-01 1.000e+00
1.000e+00 9.152e-01 -8.165e-01 -1.000e+00
1.000e+00 1.353e+00 7.096e-01 1.000e+00
1.000e+00 3.093e-01 -1.622e+00 -1.000e+00
1.000e+00 8.952e-02 -7.111e-01 1.000e+00
1.000e+00 -1.754e+00 4.281e-01 -1.000e+00
1.000e+00 1.145e+00 -1.339e-01 1.000e+00
1.000e+00 7.981e-01 -3.020e-01 -1.000e+00
1.000e+00 -1.317e+00 1.376e+00 1.000e+00
1.000e+00 -1.548e+00 2.064e-01 -1.000e+00
1.000e+00 1.226e+00 -2.473e-01 1.000e+00
1.000e+00 6.944e-01 -1.434e+00 -1.000e+00
1.000e+00 -6.440e-01 9.878e-01 1.000e+00
1.000e+00 7.871e-01 -2.027e+00 -1.000e+00
1.000e+00 -1.592e-01 9.385e-01 1.000e+00
1.000e+00 -5.069e-01 -1.603e+00 -1.000e+00
1.000e+00 3.528e-01 -5.447e-01 1.000e+00
1.000e+00 7.249e-01 -2.037e+00 -1.000e+00
1.000e+00 -1.207e+00 2.185e+00 1.000e+00
1.000e+00 6.632e-01 -1.771e+00 -1.000e+00
1.000e+00 -1.240e-01 9.944e-01 1.000e+00
1.000e+00 7.737e-02 -1.259e+00 -1.000e+00
1.000e+00 -1.220e+00 2.330e+00 1.000e+00
1.000e+00 1.129e+00 -8.163e-01 -1.000e+00
1.000e+00 2.514e-01 -3.189e-01 1.000e+00
1.000e+00 -3.279e-01 -9.807e-01 -1.000e+00
1.000e+00 -5.210e-01 7.553e-01 1.000e+00
1.000e+00 -1.833e+00 1.083e-01 -1.000e+00
1.000e+00 -3.201e-01 3.313e-01 1.000e+00
1.000e+00 3.075e-02 -1.180e+00 -1.000e+00
1.000e+00 -6.050e-01 5.509e-01 1.000e+00
1.000e+00 9.035e-01 -3.128e-01 -1.000e+00
1.000e+00 -1.459e+00 1.666e+00 1.000e+00
1.000e+00 1.079e-01 -1.352e+00 -1.000e+00
1.000e+00 1.300e+00 -2.775e-01 1.000e+00
1.000e+00 1.715e+00 1.658e+00 -1.000e+00
1.000e+00 -3.252e-02 1.490e+00 1.000e+00
1.000e+00 1.252e-01 -1.231e+00 -1.000e+00
1.000e+00 1.815e+00 2.187e+00 1.000e+00
1.000e+00 -3.640e-01 -1.165e+00 -1.000e+00
1.000e+00 1.290e+00 8.840e-01 1.000e+00
1.000e+00 4.142e-01 -1.698e+00 -1.000e+00
1.000e+00 -3.048e-01 1.204e+00 1.000e+00
1.000e+00 1.254e+00 2.163e+00 -1.000e+00
1.000e+00 1.534e+00 1.905e+00 1.000e+00
1.000e+00 1.230e+00 -7.180e-01 -1.000e+00
1.000e+00 -1.401e-01 9.645e-01 1.000e+00
1.000e+00 -2.752e-01 -1.424e+00 -1.000e+00
1.000e+00 3.003e-01 1.699e+00 1.000e+00
1.000e+00 1.871e+00 -2.057e-01 -1.000e+00
1.000e+00 4.315e-02 1.142e+00 1.000e+00
1.000e+00 2.419e-03 -1.059e+00 -1.000e+00
1.000e+00 -4.459e-01 1.059e+00 1.000e+00
1.000e+00 1.351e+00 -6.708e-01 -1.000e+00
1.000e+00 -3.987e-01 8.426e-01 1.000e+00
1.000e+00 1.230e+00 1.834e+00 -1.000e+00
1.000e+00 -6.592e-01 1.104e+00 1.000e+00
1.000e+00 -1.778e+00 2.570e-01 -1.000e+00
1.000e+00 -1.503e+00 1.712e+00 1.000e+00
1.000e+00 -1.718e+00 2.943e-01 -1.000e+00
1.000e+00 -1.654e+00 1.366e+00 1.000e+00
1.000e+00 -1.279e+00 1.884e-01 -1.000e+00
1.000e+00 2.260e-01 -7.480e-01 1.000e+00
1.000e+00 1.097e+00 -7.452e-01 -1.000e+00
1.000e+00 1.378e+00 -2.354e-01 1.000e+00
1.000e+00 1.418e+00 1.940e+00 -1.000e+00
1.000e+00 -6.884e-01 1.646e-01 1.000e+00
1.000e+00 -2.144e-01 -1.134e+00 -1.000e+00
1.000e+00 2.916e-01 -5.335e-01 1.000e+00
1.000e+00 4.721e-01 -1.806e+00 -1.000e+00
1.000e+00 -9.666e-01 1.043e+00 1.000e+00
1.000e+00 6.212e-01 -1.538e+00 -1.000e+00
1.000e+00 9.896e-01 -1.050e-01 1.000e+00
1.000e+00 1.822e-01 -1.501e+00 -1.000e+00
1.000e+00 1.840e+00 6.032e-01 1.000e+00
1.000e+00 2.107e+00 -1.780e-01 -1.000e+00
1.000e+00 1.760e+00 1.045e+00 1.000e+00
1.000e+00 1.757e+00 -4.173e-01 -1.000e+00
1.000e+00 4.352e-01 -8.443e-01 1.000e+00
1.000e+00 9.704e-01 -5.066e-01 -1.000e+00
1.000e+00 -4.398e-01 6.829e-01 1.000e+00
1.000e+00 1.401e+00 -8.054e-01 -1.000e+00
1.000e+00 -3.224e-01 -3.336e-02 1.000e+00
1.000e+00 6.861e-01 -1.046e-01 -1.000e+00
1.000e+00 -3.573e-01 4.136e-02 1.000e+00
1.000e+00 5.061e-01 -1.783e+00 -1.000e+00
1.000e+00 -1.111e+00 1.873e+00 1.000e+00
1.000e+00 8.726e-01 1.346e-02 -1.000e+00
1.000e+00 -8.798e-01 7.391e-01 1.000e+00
1.000e+00 1.148e+00 -7.751e-01 -1.000e+00
1.000e+00 1.411e+00 6.292e-01 1.000e+00
1.000e+00 4.203e-01 -1.654e+00 -1.000e+00
1.000e+00 -1.550e+00 1.627e+00 1.000e+00
1.000e+00 1.607e+00 1.077e-01 -1.000e+00
1.000e+00 -1.791e-01 -3.413e-01 1.000e+00
1.000e+00 -2.840e-01 -1.532e+00 -1.000e+00
1.000e+00 -1.142e+00 2.463e+00 1.000e+00
1.000e+00 8.061e-01 -1.629e+00 -1.000e+00
1.000e+00 -9.800e-01 1.653e+00 1.000e+00
1.000e+00 1.358e+00 1.460e+00 -1.000e+00
1.000e+00 -2.626e-01 8.511e-01 1.000e+00
1.000e+00 -1.421e+00 3.773e-02 -1.000e+00
1.000e+00 3.241e-01 -5.588e-01 1.000e+00
1.000e+00 5.371e-01 -2.875e-02 -1.000e+00
1.000e+00 3.525e-01 1.759e+00 1.000e+00
1.000e+00 -1.444e+00 2.029e-01 -1.000e+00
1.000e+00 -1.189e+00 1.302e+00 1.000e+00
1.000e+00 1.959e+00 4.438e-02 -1.000e+00
1.000e+00 -1.391e+00 2.207e+00 1.000e+00
1.000e+00 5.689e-01 -2.030e+00 -1.000e+00
1.000e+00 -5.470e-01 6.072e-02 1.000e+00
1.000e+00 -1.685e+00 2.909e-01 -1.000e+00
1.000e+00 1.737e+00 7.934e-01 1.000e+00
